excercise_name,current
demo_exercise.Rmd,f3a065657b90adaaa7a4e07f66369396
